1044580580
1044576087
1044573907
1044574441
1044575322
1044574012
1044574378
1044571490
1044573539
1044572477
1044572583
1044571117
1044568792
1044570163
1044569147
1044567248
1044566672
1044566303
1044564842
1044563748
1044564573
1044561921
1044564646
1044563336
1044561550
1044561904
1044562147
1044556072
1044557803
1044558461
1044557550
1044558062
1044557597
1044555911
1044557053
1044554400
1044554443
1044549373
1044550130
1044547711
1044547485
1044546652
1044546221
1044545092
1044546136
1044545642
1044543735
1044545589
1044544418
